1a	Github 帳號
40732331	
40823116	40823116
40823139	40823139
40823241	
40923102	40923102
40923104	409231044
40923118	40923118
40923140	40923140
40923144	40923144
40923149	40923149r
40923150	40923150
40923152	40923152
40923156	 ZHILIN-0817
41123101	41123101
41123102	41123102
41123103	41123103
41123105	
41123106	CXZ003
41123107	41123107
41123108	danny-0517
41123110	jim50572
41123111	kevingg601
41123112	lee0419-wei
41123113	miku-no1
41123114	41123114
41123115	41123115
41123116	
41123117	cc-box
41123118	yuguzl
41123119	QIU0908
41123120	tuan20040710
41123121	Hongbolin0408
41123122	41123122
41123123	41123123
41123124	probe2004
41123125	As12101210
41123126	41123126
41123127	41123127
41123128	zhiyaoooo
41123129	Jason920929
41123130	41123130
41123131	bw3323
41123132	
41123133	jake313806
41123134	41123134
41123135	corn723
41123136	
41123137	q36180005
41123138	
41123139	41123139
41123140	Timmy930823
41123141	Jun41123
41123142	DeyuanOAO
41123143	41123143
41123144	41123144
41123145	41123145
41123146	41123146
41123147	hank474
41123148	iyuans
41123149	41123149
41123150	duncan9101
41123151	shimo9891
41123152	qaz10525
41136103	
41136131	41136131
41123203	
