cp1b	github 帳號
40931142	
41123201	
41123202	
41123203	
41123204	41123204
41123205	41123205WANG-ZE-XIANG
41123206	
41123207	
41123208	41123208
41123209	
41123210	
41123211	leekuchu006
41123212	
41123213	
41123214	41123214
41123215	YanNingxue
41123216	
41123217	
41123218	
41123219	
41123220	
41123221	
41123222	
41123223	
41123224	morant-4125252
41123225	
41123226	
41123227	
41123228	
41123229	
41123230	
41123231	
41123232	
41123233	
41123234	41123234
41123235	
41123236	
41123237	
41123238	
41123239	
41123240	41123240
41123241	
41123242	yoyo77651
41123243	a0408258
41123244	
41123245	Xuxia1118
41123246	
41123247	
41123248	
41123249	
41123250	
41123251	

