cad2021 2a w5	Github 帳號
40823143	
40923101	a40923101
40923102	40923102
40923103	40923103
40923104	409231044
40923105	40923105
40923106	40923106
40923107	40923107
40923108	40923108
40923109	CYC40923109
40923110	40923110
40923111	40923111
40923113	
40923114	40923114
40923115	jason60714
40923116	40923116
40923117	40923117
40923118	40923118
40923119	40923119
40923120	40923120
40923121	40923121
40923122	40923122
40923123	40923123
40923124	40923124
40923125	40923125
40923126	40923126-1
40923127	40923127-1
40923128	40923128
40923129	40923129
40923130	40923130
40923131	40923131
40923133	40923133
40923134	40923134
40923135	40923135
40923136	40923136-1
40923137	s40923137
40923138	40923138
40923139	40923139
40923140	40923140
40923142	40923142
40923143	40923143
40923144	40923144
40923145	40923145
40923146	a40923146
40923147	40923147
40923148	40923148
40923149	40923149
40923150	
40923151	40923151
40923152	40923152
40923153	40923153
40923154	
40923156	ZHILIN-0817
40923157	
40971134	40971134
